500
0 1 8
0 4 11
0 26 1
0 38 15
0 61 2
0 65 16
0 77 20
0 110 16
0 149 8
0 163 19
0 191 2
0 210 15
0 212 12
0 213 2
0 256 8
0 299 2
0 317 12
0 379 6
0 391 2
0 461 20
0 462 17
0 498 11
1 2 12
1 3 5
1 63 7
1 80 3
1 226 17
1 232 8
1 256 12
1 325 9
1 334 3
1 436 8
1 450 17
1 483 12
2 3 5
2 60 13
2 122 7
2 130 4
2 133 2
2 141 17
2 173 13
2 263 9
2 303 5
2 307 10
2 312 19
2 319 15
2 331 7
2 354 8
2 396 3
2 433 19
2 434 9
2 499 19
3 4 12
3 14 9
3 21 13
3 45 11
3 61 20
3 63 20
3 72 12
3 73 12
3 79 13
3 130 5
3 149 15
3 162 16
3 170 17
3 177 7
3 196 19
3 202 2
3 271 18
3 283 7
3 351 16
3 381 3
3 443 6
4 5 15
4 18 18
4 35 9
4 146 12
4 187 7
4 190 15
4 198 11
4 209 20
4 239 7
4 242 10
4 250 1
4 281 6
4 288 8
4 341 13
4 388 14
4 437 7
4 456 2
4 463 10
4 469 10
5 6 5
5 10 5
5 22 5
5 38 5
5 171 16
5 172 9
5 175 12
5 220 11
5 230 16
5 235 6
5 262 20
5 263 14
5 292 10
5 330 7
5 338 15
5 372 16
5 436 6
5 460 19
5 476 16
5 497 10
6 7 14
6 22 14
6 26 17
6 37 5
6 64 1
6 85 3
6 86 4
6 93 6
6 128 3
6 137 9
6 198 13
6 228 19
6 266 13
6 283 9
6 290 18
6 321 8
6 357 6
6 365 10
6 404 11
6 450 4
6 452 7
7 8 4
7 12 7
7 18 9
7 37 3
7 102 3
7 110 20
7 135 9
7 136 7
7 203 19
7 232 10
7 240 17
7 255 6
7 275 8
7 302 12
7 317 5
7 324 15
7 325 12
7 327 7
7 425 9
7 439 9
7 450 1
7 479 19
7 485 15
8 9 2
8 20 4
8 46 4
8 60 8
8 84 20
8 106 17
8 108 6
8 161 11
8 209 9
8 219 4
8 275 6
8 301 3
8 310 13
8 323 16
8 330 20
8 383 3
8 400 15
8 413 20
8 428 6
8 437 5
8 471 7
9 10 6
9 37 7
9 38 12
9 48 5
9 121 5
9 166 11
9 190 5
9 194 12
9 204 19
9 228 14
9 270 13
9 278 4
9 301 14
9 361 6
9 450 10
9 476 16
9 484 18
9 496 2
10 11 13
10 86 15
10 117 2
10 135 16
10 142 12
10 172 18
10 204 1
10 217 16
10 219 6
10 247 19
10 278 12
10 339 13
10 377 9
10 385 5
10 388 20
10 405 9
10 436 7
10 490 14
11 12 9
11 26 5
11 54 15
11 116 20
11 153 1
11 239 16
11 246 6
11 266 16
11 318 1
11 345 14
11 416 13
11 417 3
11 485 13
12 13 13
12 30 16
12 40 11
12 69 16
12 80 1
12 103 13
12 153 8
12 170 2
12 175 6
12 179 10
12 182 11
12 185 8
12 221 18
12 255 7
12 376 10
12 395 2
12 402 9
12 404 8
12 412 9
12 420 10
12 439 3
12 442 11
12 457 17
12 499 4
13 14 7
13 16 11
13 66 16
13 68 8
13 76 8
13 129 12
13 137 2
13 171 3
13 186 7
13 207 16
13 228 20
13 229 4
13 237 12
13 313 5
13 340 20
13 359 17
13 386 5
13 392 6
13 399 3
13 422 4
13 423 15
13 431 13
13 432 7
13 476 10
14 15 15
14 19 17
14 42 2
14 51 11
14 125 4
14 141 10
14 159 17
14 202 16
14 253 17
14 319 3
14 344 19
14 357 11
14 362 1
14 383 17
14 388 7
14 413 7
14 416 12
14 430 1
14 441 5
14 442 20
14 459 17
14 461 8
14 499 10
15 16 3
15 70 10
15 116 15
15 118 10
15 145 2
15 160 10
15 170 13
15 171 4
15 181 17
15 188 4
15 300 9
15 349 13
15 372 5
15 392 4
15 397 7
15 421 10
15 435 1
15 467 17
15 474 4
15 475 19
16 17 11
16 91 19
16 119 1
16 126 6
16 142 16
16 182 1
16 210 3
16 212 2
16 244 7
16 269 3
16 348 17
16 379 14
16 410 19
16 472 20
16 478 6
17 18 2
17 44 4
17 66 15
17 87 18
17 89 11
17 100 16
17 132 13
17 157 14
17 173 2
17 205 14
17 226 9
17 300 8
17 314 3
17 381 19
17 427 11
17 444 18
17 453 2
17 470 8
18 19 10
18 22 17
18 51 13
18 140 20
18 186 7
18 201 11
18 249 20
18 255 1
18 256 3
18 284 14
18 307 18
18 354 7
18 397 7
18 401 16
18 402 9
18 407 14
18 490 16
18 493 9
18 496 19
19 20 15
19 42 14
19 45 6
19 81 17
19 115 19
19 135 13
19 145 16
19 161 18
19 172 10
19 228 13
19 241 10
19 255 19
19 265 2
19 301 8
19 332 14
19 376 16
19 402 19
19 420 18
19 492 8
20 21 13
20 43 8
20 77 12
20 165 6
20 183 19
20 188 12
20 193 2
20 202 11
20 204 14
20 219 8
20 227 13
20 265 8
20 287 18
20 306 3
20 314 17
20 362 12
20 411 13
20 419 6
20 455 1
20 471 10
21 22 1
21 65 5
21 114 6
21 204 6
21 225 13
21 226 2
21 233 5
21 244 5
21 297 6
21 298 8
21 362 20
21 437 20
21 465 7
22 23 15
22 93 5
22 107 7
22 124 2
22 150 7
22 157 15
22 207 14
22 230 14
22 232 8
22 261 14
22 291 4
22 297 16
22 336 4
22 339 4
22 374 12
22 378 16
22 388 16
22 435 15
22 466 10
22 472 4
22 486 16
23 24 17
23 25 5
23 84 9
23 138 2
23 166 18
23 226 4
23 234 14
23 244 11
23 294 8
23 297 3
23 323 12
23 341 5
23 431 15
23 441 16
23 451 2
24 25 7
24 48 20
24 182 15
24 202 4
24 210 4
24 213 14
24 269 10
24 282 10
24 301 9
24 329 3
24 353 8
24 374 15
24 386 18
24 389 16
24 410 19
24 433 4
24 452 6
24 494 19
25 26 4
25 36 4
25 38 20
25 62 13
25 110 6
25 117 6
25 189 10
25 279 5
25 299 8
25 327 4
25 338 8
25 385 4
25 432 1
25 441 8
25 451 19
25 459 5
25 471 11
25 478 17
25 484 5
25 494 18
26 27 8
26 81 4
26 97 16
26 102 15
26 146 5
26 168 12
26 200 20
26 202 11
26 241 1
26 252 6
26 270 19
26 311 6
26 318 2
26 324 16
26 341 15
26 354 18
26 366 5
26 399 17
26 463 7
26 499 12
27 28 13
27 37 12
27 48 1
27 64 17
27 205 12
27 208 3
27 261 2
27 329 14
27 339 16
27 384 10
27 409 18
27 484 10
28 29 20
28 81 14
28 117 6
28 120 13
28 160 18
28 163 16
28 173 3
28 201 19
28 211 19
28 240 3
28 278 12
28 300 11
28 352 5
28 397 15
28 428 18
28 458 19
28 472 10
28 484 20
29 30 13
29 72 15
29 93 2
29 101 19
29 116 13
29 124 17
29 131 14
29 150 18
29 206 16
29 225 8
29 238 14
29 254 20
29 271 15
29 277 12
29 282 19
29 302 19
29 321 13
29 398 1
29 462 2
29 469 4
29 480 10
30 31 7
30 90 3
30 96 1
30 102 7
30 105 11
30 116 10
30 165 1
30 179 9
30 183 2
30 191 8
30 290 8
30 383 12
30 452 18
30 465 5
31 32 20
31 71 12
31 89 5
31 115 7
31 147 11
31 174 16
31 190 1
31 192 16
31 197 3
31 200 8
31 212 11
31 233 16
31 254 14
31 256 4
31 279 11
31 303 15
31 343 10
31 374 14
31 385 6
31 423 2
31 461 4
31 469 16
32 33 11
32 45 9
32 60 1
32 98 1
32 115 9
32 132 1
32 156 6
32 159 10
32 163 12
32 173 12
32 197 18
32 215 6
32 224 18
32 249 12
32 262 5
32 274 5
32 335 19
32 368 6
32 387 6
32 425 14
32 467 2
32 495 15
33 34 18
33 99 5
33 107 18
33 121 8
33 131 12
33 132 9
33 235 14
33 240 8
33 285 3
33 293 15
33 329 19
33 331 9
33 347 10
33 352 9
33 417 9
33 431 5
33 455 9
33 475 11
34 35 9
34 48 14
34 76 19
34 110 5
34 117 13
34 138 12
34 160 15
34 181 6
34 194 1
34 207 5
34 253 1
34 256 1
34 311 5
34 320 12
34 327 19
34 371 10
34 377 1
34 381 17
34 387 4
34 401 18
34 434 12
35 36 11
35 44 5
35 45 19
35 68 1
35 69 15
35 138 5
35 297 17
35 326 12
35 347 1
35 356 15
35 401 14
35 450 11
35 477 14
36 37 9
36 80 5
36 84 6
36 121 3
36 158 2
36 174 11
36 177 7
36 188 13
36 245 16
36 257 17
36 381 3
36 391 14
36 392 4
36 400 4
36 408 16
36 436 1
36 466 17
36 492 6
36 496 18
37 38 20
37 77 16
37 101 15
37 124 9
37 142 9
37 173 7
37 284 1
37 298 18
37 305 3
37 307 20
37 314 18
37 315 17
37 379 1
38 39 12
38 50 12
38 111 2
38 115 20
38 116 4
38 144 13
38 202 5
38 252 8
38 289 6
38 304 10
38 322 5
38 395 3
38 416 2
38 462 11
39 40 1
39 49 20
39 55 12
39 118 12
39 152 18
39 161 13
39 220 5
39 238 7
39 249 18
39 286 4
39 323 8
39 336 11
39 339 18
39 363 10
39 391 15
39 440 13
39 447 11
39 491 1
40 41 1
40 42 19
40 69 6
40 84 4
40 122 7
40 136 10
40 150 20
40 212 19
40 247 19
40 339 17
40 348 2
40 376 20
40 435 18
40 441 1
40 469 4
40 477 5
41 42 5
41 134 16
41 173 19
41 205 7
41 283 10
41 288 11
41 309 17
41 326 12
41 402 18
41 403 12
41 404 18
41 413 17
41 422 5
41 429 9
41 438 7
41 478 12
42 43 8
42 108 17
42 134 15
42 158 2
42 164 8
42 193 17
42 284 13
42 302 10
42 317 10
42 390 18
42 424 9
42 463 11
42 470 18
43 44 4
43 77 19
43 128 6
43 137 7
43 140 12
43 230 4
43 255 6
43 356 2
43 370 4
43 384 13
43 391 14
43 448 10
43 460 8
43 470 15
44 45 11
44 128 7
44 138 12
44 146 15
44 198 19
44 200 7
44 226 3
44 258 19
44 322 12
44 324 6
44 335 6
44 339 10
44 360 14
44 371 19
44 399 13
44 412 9
44 434 13
44 447 14
44 462 15
44 471 2
44 477 19
45 46 20
45 61 18
45 122 8
45 181 9
45 220 9
45 221 3
45 248 6
45 301 19
45 304 10
45 320 11
45 334 16
45 358 8
45 372 5
45 381 9
45 385 12
45 396 18
45 460 17
45 496 20
46 47 10
46 83 10
46 110 17
46 189 5
46 193 7
46 206 5
46 218 12
46 219 17
46 232 16
46 235 13
46 249 10
46 254 17
46 275 8
46 322 4
46 325 10
46 333 11
46 345 2
46 386 9
46 404 15
46 441 15
46 453 2
46 457 13
46 466 4
47 48 5
47 52 18
47 134 17
47 148 4
47 160 14
47 207 13
47 212 13
47 217 1
47 218 18
47 225 11
47 239 14
47 259 7
47 298 19
47 318 4
47 335 6
47 343 18
47 374 9
47 391 17
47 439 6
47 441 1
47 442 10
47 469 16
48 49 20
48 58 9
48 66 1
48 77 6
48 118 16
48 212 17
48 240 8
48 259 18
48 262 15
48 312 3
48 328 18
48 375 9
48 383 3
48 397 11
48 435 10
48 488 2
49 50 13
49 81 16
49 141 8
49 145 7
49 186 19
49 215 10
49 229 15
49 235 13
49 249 1
49 267 6
49 308 19
49 309 5
49 338 12
49 344 18
49 370 18
49 373 15
49 374 16
49 388 13
49 405 2
49 407 15
49 457 7
50 51 18
50 77 2
50 83 5
50 115 6
50 141 7
50 143 17
50 146 14
50 170 11
50 282 8
50 289 5
50 296 19
50 303 16
50 304 11
50 332 20
50 462 13
50 469 8
50 470 13
50 481 13
50 485 10
51 52 9
51 73 15
51 134 9
51 181 16
51 194 3
51 222 8
51 274 4
51 280 11
51 335 17
51 395 15
51 398 11
51 424 14
51 458 18
51 474 13
51 492 13
52 53 9
52 120 19
52 128 20
52 129 15
52 133 3
52 161 3
52 209 4
52 232 13
52 292 12
52 299 17
52 321 11
52 330 9
52 332 11
52 376 7
52 393 5
52 411 5
52 420 9
52 475 4
52 487 5
52 493 11
52 496 5
53 54 13
53 98 4
53 152 9
53 213 5
53 245 19
53 251 17
53 282 8
53 298 18
53 347 20
53 351 18
53 364 1
53 373 18
53 379 2
53 426 9
54 55 2
54 71 3
54 87 3
54 309 10
54 321 10
54 366 10
54 391 7
54 444 1
54 475 17
54 481 9
54 497 12
55 56 5
55 61 4
55 68 10
55 97 9
55 217 20
55 230 1
55 234 2
55 252 1
55 269 18
55 320 14
55 332 2
55 337 17
55 422 3
55 433 13
55 474 13
55 478 8
55 479 8
55 491 4
56 57 20
56 73 7
56 118 5
56 138 9
56 141 20
56 187 17
56 235 3
56 252 6
56 275 10
56 277 14
56 322 19
56 388 2
56 389 7
56 445 8
56 463 4
56 471 2
56 485 16
57 58 1
57 71 11
57 100 9
57 105 20
57 126 17
57 131 4
57 139 4
57 147 18
57 192 5
57 215 7
57 228 7
57 260 7
57 267 9
57 282 11
57 289 20
57 373 16
57 387 11
57 398 15
57 454 1
58 59 13
58 85 19
58 116 7
58 126 20
58 165 14
58 167 3
58 186 17
58 225 1
58 255 15
58 284 16
58 328 11
58 418 10
58 451 1
59 60 19
59 87 13
59 107 7
59 207 4
59 208 11
59 238 10
59 239 2
59 308 19
59 318 5
59 334 19
59 347 12
59 351 7
59 356 5
59 408 11
59 470 7
59 497 1
60 61 16
60 91 4
60 99 15
60 105 3
60 206 15
60 233 9
60 245 6
60 283 5
60 298 8
60 324 12
60 341 18
60 372 1
60 413 7
60 440 10
60 441 11
60 478 2
60 483 16
61 62 20
61 69 17
61 79 18
61 85 3
61 136 16
61 167 3
61 204 20
61 216 8
61 234 14
61 257 18
61 279 19
61 289 7
61 377 10
61 404 16
61 413 12
61 417 9
61 418 15
61 468 16
61 483 9
61 497 6
62 63 18
62 69 7
62 71 4
62 85 11
62 88 12
62 134 15
62 135 1
62 224 2
62 252 6
62 256 7
62 287 11
62 342 1
62 370 9
62 419 6
62 433 10
62 443 11
62 469 4
63 64 7
63 141 19
63 183 10
63 188 9
63 190 10
63 242 4
63 276 5
63 312 12
63 356 13
63 363 7
63 369 18
63 388 16
63 399 8
63 401 17
63 438 9
63 467 1
64 65 4
64 94 10
64 96 16
64 150 17
64 165 1
64 211 6
64 223 14
64 238 13
64 255 17
64 277 4
64 284 10
64 315 7
64 348 14
64 389 9
64 398 15
64 404 18
64 407 20
64 412 4
64 438 4
64 443 1
64 475 15
64 482 8
65 66 9
65 85 4
65 87 11
65 135 3
65 157 16
65 167 16
65 172 7
65 224 5
65 234 3
65 242 14
65 267 11
65 292 20
65 307 20
65 329 5
65 332 15
65 339 3
65 344 8
65 354 11
65 388 5
65 438 12
65 448 2
65 469 9
65 470 7
65 472 17
66 67 20
66 102 20
66 151 1
66 152 9
66 154 18
66 172 16
66 190 7
66 201 7
66 202 11
66 265 5
66 289 2
66 350 13
66 369 7
66 383 12
66 386 12
66 420 15
66 455 2
66 490 12
66 499 13
67 68 5
67 192 17
67 199 19
67 215 20
67 281 7
67 350 3
67 377 14
67 404 11
67 429 10
67 445 4
67 463 1
67 469 12
67 476 12
68 69 13
68 98 12
68 100 18
68 114 19
68 123 11
68 130 3
68 172 7
68 240 18
68 242 1
68 291 16
68 346 1
68 479 6
69 70 1
69 112 6
69 115 2
69 174 5
69 175 19
69 195 11
69 208 12
69 210 11
69 244 15
69 266 16
69 278 15
69 315 15
69 331 6
69 420 18
69 444 16
69 449 7
70 71 13
70 99 4
70 123 20
70 147 4
70 158 9
70 163 8
70 242 19
70 244 6
70 249 2
70 290 12
70 298 6
70 336 9
70 343 3
70 366 7
70 419 10
70 425 16
70 446 14
70 455 17
70 499 8
71 72 7
71 133 1
71 138 16
71 156 18
71 332 4
71 353 6
71 431 19
71 439 7
71 464 20
71 467 13
72 73 9
72 74 10
72 84 15
72 157 6
72 164 12
72 170 8
72 179 13
72 220 2
72 259 7
72 266 20
72 319 16
72 329 20
72 339 4
72 344 20
72 359 6
72 377 7
72 396 3
72 419 3
72 423 8
72 428 10
72 429 3
72 456 13
72 482 17
73 74 17
73 79 1
73 134 11
73 159 9
73 180 5
73 231 9
73 264 5
73 276 14
73 305 11
73 315 2
73 324 8
73 337 13
73 345 12
73 375 12
73 383 16
73 385 8
73 391 3
73 394 10
73 447 12
74 75 15
74 113 4
74 126 20
74 161 7
74 162 19
74 193 18
74 214 20
74 238 12
74 252 11
74 254 4
74 266 3
74 274 16
74 278 5
74 300 9
74 309 20
74 311 11
74 351 1
74 388 17
74 416 1
74 436 5
74 453 12
75 76 5
75 100 13
75 109 5
75 171 12
75 184 2
75 191 10
75 214 9
75 247 8
75 272 6
75 336 20
75 346 6
75 352 14
75 382 18
75 412 10
75 438 5
75 450 6
75 463 5
75 472 15
75 485 15
76 77 3
76 191 3
76 245 10
76 251 9
76 268 14
76 314 12
76 338 7
76 384 5
76 392 14
76 393 4
76 404 10
76 434 1
76 448 13
77 78 5
77 93 8
77 128 2
77 147 2
77 150 2
77 165 3
77 201 3
77 214 18
77 248 18
77 281 17
77 325 19
77 436 17
77 462 11
77 499 3
78 79 1
78 127 8
78 163 8
78 193 15
78 201 9
78 240 8
78 315 1
78 393 7
78 476 14
79 80 2
79 92 7
79 103 18
79 212 9
79 249 2
79 270 10
79 288 15
79 377 13
79 408 12
79 471 5
79 474 11
79 481 18
80 81 18
80 120 20
80 122 4
80 184 20
80 187 3
80 193 10
80 216 18
80 224 8
80 227 13
80 228 13
80 272 10
80 289 14
80 295 2
80 315 3
80 362 4
80 363 5
80 376 6
80 392 4
80 407 6
81 82 20
81 117 9
81 125 18
81 145 8
81 251 10
81 267 10
81 281 10
81 309 14
81 317 12
81 327 2
81 345 12
81 354 11
81 363 16
81 367 6
81 369 15
81 375 3
81 387 3
82 83 20
82 92 13
82 115 11
82 129 1
82 160 20
82 218 6
82 221 20
82 231 9
82 257 10
82 273 7
82 283 4
82 342 10
82 498 10
83 84 3
83 101 8
83 102 9
83 107 2
83 132 5
83 158 10
83 171 9
83 213 3
83 236 16
83 243 11
83 249 7
83 264 9
83 285 9
83 290 11
83 307 11
83 329 20
83 346 2
83 349 17
83 402 20
83 442 13
83 443 16
83 478 4
84 85 16
84 101 19
84 109 4
84 247 20
84 252 18
84 299 11
84 339 20
84 378 12
84 490 19
85 86 12
85 149 16
85 159 19
85 187 20
85 209 9
85 256 9
85 277 1
85 278 2
85 283 1
85 298 4
85 313 19
85 366 16
85 405 20
85 413 1
85 424 8
85 463 4
85 471 5
86 87 4
86 125 10
86 136 13
86 177 10
86 201 16
86 248 11
86 271 16
86 273 12
86 314 5
86 352 15
86 356 10
86 453 16
86 461 12
87 88 19
87 129 4
87 210 4
87 227 20
87 244 14
87 277 12
87 307 14
87 349 6
87 352 2
87 361 7
87 384 12
87 446 9
87 488 18
88 89 1
88 131 8
88 133 5
88 141 2
88 186 8
88 219 12
88 227 14
88 353 3
88 403 4
88 463 6
88 471 15
89 90 4
89 119 9
89 127 10
89 128 4
89 159 16
89 217 15
89 219 17
89 229 2
89 257 16
89 259 14
89 299 16
89 306 13
89 325 8
89 378 6
89 391 7
89 456 20
89 473 16
89 489 16
89 497 3
90 91 19
90 95 13
90 157 12
90 162 6
90 183 5
90 194 16
90 195 15
90 233 6
90 284 2
90 286 13
90 291 8
90 305 3
90 318 1
90 352 12
90 387 5
90 388 15
90 427 14
90 435 1
90 446 19
91 92 20
91 93 16
91 100 13
91 101 13
91 114 10
91 140 11
91 148 3
91 177 9
91 201 16
91 251 12
91 275 4
91 300 18
91 305 11
91 314 4
91 363 19
91 390 17
91 494 20
91 497 11
92 93 2
92 112 11
92 161 12
92 170 14
92 184 15
92 200 1
92 227 16
92 243 20
92 267 4
92 281 10
92 288 14
92 300 1
92 303 10
92 315 16
92 324 12
92 385 8
92 398 17
92 411 13
92 431 20
92 437 7
92 439 16
92 443 18
92 460 14
92 483 6
92 497 5
92 498 8
93 94 18
93 97 12
93 101 1
93 107 18
93 124 14
93 188 11
93 189 5
93 194 6
93 208 16
93 225 15
93 264 7
93 274 14
93 403 13
93 441 14
93 449 8
93 494 16
94 95 11
94 107 7
94 181 3
94 196 7
94 228 14
94 263 18
94 288 12
94 332 16
94 356 6
94 385 8
94 390 5
94 395 10
94 427 16
94 430 11
94 444 17
95 96 11
95 161 14
95 176 10
95 201 14
95 204 16
95 245 20
95 290 13
95 332 14
95 356 8
95 394 18
95 401 4
95 422 10
95 448 9
95 457 10
95 462 19
95 476 8
96 97 16
96 99 19
96 104 6
96 107 11
96 128 17
96 202 6
96 215 13
96 220 13
96 223 15
96 234 3
96 236 6
96 263 4
96 268 19
96 279 14
96 358 15
96 450 11
96 473 9
97 98 14
97 220 18
97 239 2
97 265 2
97 312 19
97 320 7
97 341 19
97 356 6
97 391 6
97 428 14
97 437 17
97 439 2
97 468 1
97 479 7
98 99 3
98 145 14
98 146 12
98 166 10
98 185 10
98 206 16
98 227 11
98 228 11
98 236 16
98 243 11
98 258 13
98 270 9
98 283 16
98 321 15
98 358 10
98 375 4
98 379 20
98 438 9
98 449 18
98 460 13
99 100 7
99 136 20
99 139 5
99 145 1
99 183 20
99 185 2
99 206 1
99 270 12
99 274 20
99 301 14
99 308 11
99 368 11
99 422 15
99 424 12
99 439 11
99 450 4
99 461 3
99 472 9
99 479 19
99 493 8
100 101 3
100 173 15
100 178 4
100 187 6
100 213 9
100 224 1
100 226 11
100 254 10
100 255 13
100 300 9
100 344 5
100 382 19
100 403 4
100 431 17
100 446 17
100 453 10
100 494 20
101 102 15
101 252 17
101 287 1
101 288 3
101 329 12
101 339 12
101 353 10
101 360 11
101 405 14
101 415 4
101 440 5
101 442 16
102 103 12
102 123 19
102 127 10
102 180 10
102 288 16
102 316 6
102 338 9
102 354 3
102 393 9
102 429 5
102 445 18
102 473 15
102 474 7
102 485 6
102 497 12
103 104 4
103 117 11
103 120 1
103 125 12
103 127 14
103 135 2
103 202 11
103 211 11
103 225 16
103 249 12
103 264 6
103 300 11
103 391 15
103 392 5
103 428 16
103 437 14
103 445 3
103 452 9
103 454 1
104 105 15
104 169 1
104 237 2
104 238 20
104 239 13
104 242 4
104 272 10
104 308 5
104 320 2
104 412 11
104 455 10
105 106 2
105 168 2
105 184 6
105 192 9
105 218 17
105 237 12
105 250 15
105 265 16
105 305 20
105 327 1
105 328 19
105 367 14
105 372 4
105 401 1
105 428 5
105 433 4
105 458 12
105 470 2
106 107 18
106 122 2
106 139 5
106 143 4
106 156 10
106 175 16
106 226 19
106 278 3
106 300 1
106 361 10
106 381 17
106 438 14
106 459 1
106 470 12
107 108 3
107 122 10
107 140 14
107 156 17
107 163 5
107 193 1
107 295 2
107 318 1
107 359 15
108 109 10
108 158 15
108 185 1
108 274 12
108 283 5
108 339 4
108 341 12
108 376 10
108 384 17
108 414 11
108 445 15
108 456 15
108 469 12
108 475 13
108 482 18
108 486 10
109 110 6
109 142 3
109 162 6
109 244 18
109 256 12
109 271 15
109 320 4
109 358 20
109 361 5
109 379 2
109 401 20
109 445 12
110 111 7
110 139 2
110 180 12
110 359 15
110 379 11
110 471 19
110 491 12
111 112 19
111 123 8
111 135 5
111 146 13
111 156 20
111 182 8
111 185 7
111 267 5
111 301 2
111 365 12
111 385 2
111 437 3
111 454 15
111 465 13
112 113 13
112 124 20
112 159 9
112 171 14
112 226 8
112 235 1
112 258 4
112 276 9
112 304 13
112 307 15
112 310 20
112 331 14
112 356 17
112 436 8
112 454 3
112 488 4
113 114 19
113 168 3
113 176 8
113 301 1
113 310 13
113 349 9
113 350 15
113 369 11
113 428 2
113 477 17
113 487 11
114 115 9
114 122 6
114 137 13
114 194 11
114 210 15
114 213 10
114 219 9
114 223 17
114 316 17
114 335 14
114 364 19
114 409 3
114 412 9
114 415 19
114 416 12
114 417 16
114 423 10
114 475 1
115 116 2
115 134 14
115 154 5
115 221 11
115 259 12
115 290 19
115 312 15
115 342 6
115 357 10
115 370 5
115 441 3
116 117 14
116 123 1
116 146 16
116 180 6
116 187 19
116 205 11
116 303 13
116 330 16
116 349 5
116 375 8
116 398 13
116 409 2
116 421 3
116 429 15
116 438 20
116 481 8
117 118 13
117 134 18
117 155 6
117 175 10
117 241 12
117 278 15
117 284 4
117 302 15
117 303 6
117 310 6
117 348 10
117 362 17
117 377 13
117 398 2
117 418 4
117 458 2
118 119 2
118 165 12
118 204 9
118 205 19
118 273 13
118 277 7
118 306 17
118 354 12
118 356 1
118 367 18
118 372 9
118 409 13
119 120 13
119 129 14
119 131 18
119 147 1
119 171 14
119 184 3
119 195 13
119 274 6
119 290 5
119 393 5
119 436 15
119 446 15
119 447 4
119 483 7
120 121 11
120 141 8
120 146 12
120 192 13
120 216 7
120 232 8
120 286 9
120 302 18
120 316 7
120 331 13
120 491 16
120 492 20
121 122 7
121 227 7
121 236 17
121 260 12
121 297 2
121 346 3
121 354 10
121 359 2
121 365 3
121 471 6
121 484 13
121 498 3
122 123 16
122 132 9
122 143 1
122 176 14
122 183 3
122 200 17
122 260 5
122 318 6
122 335 14
122 362 13
122 402 2
122 427 5
122 446 4
122 449 15
122 469 20
122 470 19
123 124 2
123 197 9
123 213 6
123 254 16
123 257 8
123 269 20
123 291 14
123 305 18
123 401 18
123 415 14
123 437 10
123 438 15
123 456 19
124 125 12
124 174 2
124 178 15
124 200 12
124 280 3
124 303 12
124 320 19
124 333 14
124 335 18
124 379 13
124 427 1
124 446 12
124 476 1
125 126 7
125 144 11
125 171 7
125 177 10
125 210 5
125 216 2
125 222 19
125 279 11
125 297 1
125 303 11
125 317 3
125 332 7
125 333 15
125 390 7
125 412 2
125 461 2
126 127 15
126 132 8
126 141 1
126 239 6
126 247 4
126 275 4
126 307 13
126 342 17
126 368 10
126 444 17
126 469 3
126 478 7
127 128 19
127 168 18
127 231 16
127 239 18
127 275 14
127 333 10
127 381 12
127 394 20
127 395 7
127 441 5
127 451 13
127 478 12
128 129 14
128 133 4
128 218 18
128 221 5
128 267 18
128 350 20
128 352 19
128 403 3
128 479 8
129 130 3
129 160 16
129 181 5
129 202 9
129 211 7
129 224 11
129 231 5
129 245 4
129 249 8
129 264 16
129 300 5
129 305 15
129 312 1
129 318 14
129 323 10
129 349 18
129 356 10
129 372 19
129 373 20
129 390 6
129 393 15
129 425 6
129 444 19
129 459 15
129 462 18
129 463 18
129 471 2
129 484 19
129 492 7
130 131 18
130 163 13
130 170 19
130 191 17
130 208 3
130 215 6
130 307 11
130 335 4
130 461 11
131 132 20
131 135 18
131 136 17
131 176 2
131 181 7
131 294 5
131 325 16
131 373 14
131 385 5
131 454 6
131 488 3
131 496 9
132 133 5
132 140 3
132 145 12
132 176 1
132 299 16
132 328 14
132 332 11
132 352 11
132 358 17
132 360 16
132 374 4
132 385 1
132 403 8
132 441 12
132 448 6
132 455 8
132 475 15
132 477 5
132 482 2
132 485 2
133 134 1
133 144 15
133 146 8
133 198 9
133 200 11
133 217 14
133 280 18
133 317 20
133 340 14
133 390 20
133 405 1
133 406 7
133 419 18
133 433 7
133 457 3
133 490 4
134 135 16
134 174 12
134 271 18
134 283 4
134 304 17
134 350 18
134 355 5
134 363 18
134 391 20
134 400 18
134 445 16
134 480 10
135 136 11
135 145 8
135 148 14
135 173 5
135 238 18
135 319 7
135 320 6
135 333 9
135 335 15
135 380 6
135 397 4
135 428 6
135 435 17
135 438 17
135 441 6
136 137 19
136 162 12
136 190 10
136 199 12
136 209 5
136 258 15
136 259 11
136 274 6
136 275 6
136 285 4
136 306 7
136 363 11
136 380 12
136 408 20
136 433 5
136 474 2
137 138 15
137 157 8
137 179 9
137 297 1
137 302 1
137 340 15
137 342 8
137 392 6
137 407 6
137 430 5
137 462 13
137 494 20
138 139 5
138 169 18
138 189 4
138 256 3
138 276 18
138 278 17
138 294 17
138 318 19
138 347 16
138 360 9
138 379 2
138 382 11
138 424 8
138 431 8
138 452 19
138 462 20
138 492 2
138 493 3
139 140 3
139 198 15
139 288 1
139 319 20
139 321 8
139 327 11
139 496 4
140 141 20
140 158 15
140 175 14
140 274 2
140 286 14
140 298 18
140 353 17
140 367 4
140 381 7
140 392 18
140 436 18
140 447 14
140 464 11
140 491 12
140 492 16
141 142 14
141 176 6
141 202 6
141 208 8
141 295 1
141 296 14
141 302 15
141 305 11
141 327 12
141 329 14
141 349 11
141 434 20
141 437 17
142 143 12
142 210 5
142 232 17
142 234 13
142 241 14
142 257 5
142 330 3
142 386 8
142 412 7
142 421 9
142 472 1
142 476 3
142 499 12
143 144 8
143 210 13
143 218 8
143 243 18
143 282 4
143 298 8
143 308 15
143 356 14
143 384 20
143 438 14
143 457 18
143 474 8
144 145 18
144 163 18
144 179 10
144 180 6
144 229 6
144 283 16
144 302 19
144 316 18
144 318 15
144 336 17
144 350 14
144 406 2
144 420 10
144 440 4
144 462 17
144 463 11
144 471 7
144 473 9
144 493 15
144 497 5
145 146 20
145 158 15
145 209 8
145 221 16
145 234 5
145 245 20
145 269 1
145 302 10
145 313 5
145 414 7
145 417 18
145 454 18
145 462 14
145 495 12
146 147 8
146 151 17
146 166 6
146 233 18
146 342 12
146 367 15
146 405 9
146 421 11
146 432 1
146 440 14
146 446 1
146 478 10
147 148 15
147 162 1
147 169 2
147 209 15
147 212 11
147 218 18
147 250 3
147 266 19
147 272 17
147 304 1
147 375 2
147 418 19
147 423 13
147 444 4
147 454 16
147 475 14
148 149 15
148 164 16
148 165 18
148 199 13
148 206 11
148 219 7
148 243 5
148 371 5
148 413 7
148 443 20
148 452 5
148 473 19
148 479 12
148 481 19
149 150 9
149 163 10
149 171 17
149 176 4
149 195 16
149 218 18
149 296 6
149 372 5
149 421 17
149 459 13
149 470 10
150 151 18
150 155 13
150 218 17
150 235 4
150 257 19
150 260 3
150 263 11
150 267 20
150 313 7
150 330 7
150 334 6
150 360 5
150 368 15
150 394 3
150 430 6
150 451 6
150 457 4
150 465 19
150 466 16
150 469 18
150 475 17
150 498 14
151 152 2
151 228 19
151 247 19
151 252 5
151 268 2
151 290 19
151 298 12
151 311 17
151 357 8
151 359 18
151 401 12
151 433 19
151 444 20
151 448 20
151 466 2
151 471 2
152 153 1
152 159 1
152 168 7
152 181 12
152 186 4
152 192 8
152 335 10
152 364 4
152 373 9
152 403 2
152 420 19
152 446 12
152 496 7
153 154 14
153 179 20
153 198 19
153 207 17
153 215 2
153 229 9
153 235 6
153 263 20
153 264 19
153 266 8
153 358 16
153 371 8
153 377 3
153 406 10
153 432 3
153 466 14
153 475 8
153 495 17
153 496 1
154 155 10
154 178 11
154 197 5
154 237 19
154 240 3
154 254 18
154 299 14
154 359 2
154 362 1
154 394 12
154 401 14
154 409 11
154 412 14
154 416 20
154 426 10
154 461 5
154 479 10
154 489 13
155 156 1
155 173 17
155 238 6
155 254 7
155 294 6
155 312 18
155 338 13
155 340 8
155 359 2
155 471 15
156 157 14
156 260 6
156 278 12
156 290 17
156 294 17
156 340 7
156 396 13
156 481 3
156 490 14
157 158 14
157 190 14
157 199 14
157 200 2
157 202 17
157 205 17
157 261 10
157 294 19
157 339 20
157 365 4
157 422 6
157 437 11
157 449 20
157 468 18
158 159 17
158 237 2
158 245 2
158 255 3
158 264 1
158 281 13
158 296 20
158 325 16
158 333 6
158 335 13
158 378 12
158 413 5
158 481 14
158 487 16
158 499 11
159 160 4
159 176 2
159 303 9
159 306 17
159 329 10
159 390 6
159 436 15
160 161 9
160 261 1
160 262 8
160 283 19
160 290 20
160 291 6
160 307 13
160 311 9
160 380 19
160 410 8
160 414 16
160 441 16
160 443 15
161 162 1
161 168 10
161 248 3
161 250 20
161 493 11
162 163 6
162 175 10
162 184 6
162 193 17
162 208 16
162 320 13
162 406 14
162 430 18
162 456 17
163 164 4
163 187 3
163 189 12
163 209 10
163 314 18
163 325 16
163 379 20
163 384 20
163 387 18
163 426 14
164 165 20
164 169 20
164 170 5
164 196 8
164 232 15
164 238 11
164 255 2
164 283 7
164 358 10
164 359 1
164 364 2
164 386 17
164 445 5
164 449 15
164 457 6
164 489 20
165 166 16
165 205 18
165 229 2
165 269 8
165 306 19
165 314 5
165 316 11
165 328 9
165 342 10
165 360 8
165 404 10
165 407 17
165 421 8
165 448 2
166 167 4
166 178 7
166 229 11
166 241 12
166 278 19
166 287 14
166 312 11
166 333 9
166 345 14
166 399 1
166 410 8
166 464 17
166 466 14
166 470 12
167 168 7
167 175 5
167 206 16
167 318 19
167 336 12
167 357 2
167 363 1
167 383 8
167 400 11
167 430 5
167 451 16
167 457 8
167 467 9
168 169 4
168 194 4
168 197 7
168 239 13
168 280 16
168 301 12
168 349 4
168 352 15
168 398 18
168 415 17
168 486 8
168 498 20
168 499 14
169 170 19
169 209 20
169 232 7
169 252 4
169 264 18
169 271 9
169 288 18
169 292 18
169 319 8
169 413 11
169 418 20
169 451 7
169 497 4
170 171 3
170 223 7
170 241 20
170 292 6
170 293 5
170 295 10
170 440 7
170 452 20
170 467 17
170 494 10
171 172 12
171 173 19
171 190 7
171 227 12
171 257 12
171 283 14
171 290 18
171 323 18
171 429 17
171 480 16
171 485 14
172 173 19
172 181 19
172 201 17
172 229 8
172 258 19
172 260 3
172 289 15
172 309 1
172 324 5
172 333 18
172 335 12
172 349 20
172 418 13
172 424 20
172 446 2
172 448 7
172 488 9
172 489 9
173 174 13
173 209 2
173 237 12
173 279 18
173 285 6
173 328 14
173 374 19
173 378 10
173 391 17
173 400 9
173 401 18
173 406 4
173 426 4
173 440 15
173 442 15
173 450 15
174 175 6
174 180 20
174 228 5
174 233 11
174 266 13
174 273 12
174 290 20
174 314 4
174 350 1
174 368 11
174 402 7
174 494 9
175 176 18
175 196 11
175 213 12
175 287 6
175 306 8
175 372 6
175 397 2
175 403 19
175 414 10
175 453 4
175 454 1
176 177 16
176 199 19
176 210 9
176 221 4
176 224 2
176 228 18
176 251 17
176 319 15
176 438 11
176 452 3
176 464 19
176 472 1
177 178 14
177 179 10
177 197 20
177 226 16
177 231 13
177 292 9
177 339 1
177 362 20
177 377 5
177 427 20
177 435 6
177 437 6
177 440 12
177 445 2
177 459 7
178 179 5
178 204 16
178 241 12
178 247 3
178 265 19
178 314 3
178 342 14
178 385 13
178 398 4
178 481 7
179 180 7
179 183 11
179 196 19
179 230 13
179 269 18
179 302 7
179 305 2
179 379 7
179 380 9
179 398 5
179 441 2
180 181 17
180 201 9
180 206 20
180 242 7
180 250 1
180 275 12
180 284 16
180 324 13
180 361 8
180 379 14
180 396 1
180 413 13
180 492 12
180 494 12
181 182 2
181 199 3
181 205 1
181 242 13
181 249 9
181 266 8
181 356 12
181 358 14
181 373 15
181 391 15
181 418 9
181 444 7
182 183 1
182 186 16
182 193 12
182 206 19
182 240 9
182 247 2
182 384 16
182 393 15
183 184 5
183 209 18
183 237 6
183 238 2
183 252 19
183 293 1
183 310 1
183 358 19
183 401 8
183 444 7
183 479 7
183 483 2
183 484 12
184 185 1
184 229 7
184 243 4
184 262 6
184 391 2
184 402 2
184 433 18
184 463 15
184 480 8
185 186 3
185 200 1
185 203 13
185 215 10
185 225 14
185 280 5
185 297 1
185 323 4
185 328 13
185 405 4
185 441 10
185 451 17
185 479 17
185 480 14
185 491 8
186 187 18
186 199 15
186 237 12
186 267 12
186 311 14
186 372 5
186 375 14
186 376 10
186 377 6
186 378 14
186 479 11
186 489 20
187 188 11
187 189 17
187 190 17
187 195 17
187 223 18
187 224 1
187 233 6
187 326 20
187 346 14
187 389 8
187 399 14
187 403 8
187 428 12
187 457 6
187 474 6
187 498 4
188 189 15
188 254 18
188 264 15
188 289 4
188 296 2
188 304 15
188 330 20
188 345 17
188 384 2
188 413 16
188 440 11
188 464 17
188 472 8
188 483 4
189 190 19
189 219 10
189 256 11
189 287 10
189 355 8
189 377 13
189 417 18
189 431 2
189 436 11
189 492 17
190 191 3
190 249 5
190 294 1
190 334 5
190 408 7
190 416 16
190 482 8
190 495 10
191 192 16
191 207 9
191 247 10
191 260 19
191 269 9
191 308 11
191 352 5
191 468 1
192 193 6
192 235 19
192 238 6
192 239 8
192 245 8
192 311 18
192 341 20
192 378 19
192 388 20
192 413 3
192 490 13
193 194 12
193 211 3
193 299 17
193 318 16
193 361 12
193 443 20
193 455 16
193 474 10
193 482 16
194 195 18
194 196 4
194 204 12
194 212 17
194 216 2
194 222 3
194 232 16
194 285 20
194 351 15
194 392 19
194 409 13
194 420 15
194 426 8
194 460 5
194 470 19
195 196 17
195 207 6
195 301 16
195 318 10
195 324 10
195 342 16
195 440 2
195 473 16
195 491 17
196 197 11
196 204 12
196 216 12
196 225 5
196 289 12
196 292 11
196 301 2
196 311 19
196 318 3
196 341 19
196 358 12
196 391 10
196 448 17
197 198 1
197 199 19
197 224 2
197 232 17
197 288 9
197 329 15
197 388 19
197 404 3
197 430 7
197 460 8
197 461 10
197 476 5
197 496 20
198 199 6
198 262 1
198 273 2
198 277 15
198 278 8
198 310 13
198 312 16
198 314 9
198 322 4
198 335 10
198 358 18
198 410 8
198 470 17
199 200 12
199 233 4
199 268 15
199 368 19
199 381 17
199 406 3
199 481 6
200 201 14
200 243 10
200 256 14
200 284 2
200 333 19
200 377 4
200 381 1
200 389 5
200 419 4
200 465 5
200 497 7
201 202 20
201 234 1
201 235 12
201 246 13
201 247 3
201 277 12
201 353 5
201 396 3
201 487 16
202 203 2
202 216 18
202 222 15
202 255 7
202 308 17
202 310 18
202 312 1
202 350 16
202 359 17
202 382 6
202 395 5
202 397 2
202 463 7
202 478 11
202 480 7
203 204 17
203 210 12
203 230 6
203 319 19
203 336 18
203 376 12
203 386 13
203 400 12
203 474 12
203 479 17
203 483 11
203 488 15
204 205 9
204 212 4
204 238 4
204 337 3
204 350 2
204 361 20
204 373 8
204 380 17
204 427 8
204 430 4
204 461 4
204 488 16
204 492 19
204 493 12
205 206 13
205 236 15
205 292 10
205 327 10
205 356 20
205 395 10
205 437 2
206 207 16
206 221 7
206 273 9
206 284 15
206 303 7
206 462 2
206 468 19
207 208 16
207 295 12
207 346 17
207 377 10
207 385 18
207 394 1
207 418 17
207 425 17
207 468 1
207 493 1
208 209 8
208 214 18
208 220 16
208 240 3
208 270 15
208 325 1
208 346 14
208 347 10
208 355 12
208 367 1
208 403 1
208 431 14
208 459 17
208 471 9
209 210 9
209 214 9
209 231 10
209 257 10
209 295 19
209 322 7
210 211 12
210 240 12
210 498 17
211 212 2
211 371 8
211 374 8
212 213 7
212 231 20
212 263 20
212 298 12
212 321 12
212 355 3
212 368 7
212 378 6
212 405 15
212 416 3
212 449 11
212 454 1
212 466 5
212 478 5
212 499 6
213 214 14
213 220 1
213 254 11
213 272 5
213 307 14
213 333 6
213 334 8
213 336 14
213 343 15
213 345 10
213 348 11
213 366 20
213 407 19
213 434 12
213 469 18
214 215 4
214 239 3
214 247 20
214 346 13
214 351 17
214 358 10
214 363 16
214 370 12
214 397 7
214 405 12
214 438 13
214 488 18
215 216 6
215 260 16
215 296 14
215 308 14
215 315 9
215 356 1
215 371 9
215 475 18
216 217 14
216 308 14
216 311 18
216 319 7
216 324 13
216 340 2
216 370 8
216 447 10
216 454 18
216 479 19
217 218 14
217 235 6
217 273 8
217 287 19
217 292 5
217 308 8
217 377 3
217 398 8
217 420 19
217 452 14
218 219 15
218 263 10
218 271 18
218 298 3
218 307 15
218 333 8
218 342 3
218 351 13
218 410 17
218 425 1
218 439 18
218 444 5
218 478 10
219 220 7
219 230 6
219 236 6
219 256 5
219 257 4
219 289 5
219 320 7
219 326 5
219 374 16
219 383 7
219 387 14
219 409 11
219 434 5
219 447 10
219 497 13
220 221 10
220 228 9
220 269 14
220 306 16
220 318 19
220 355 9
220 359 3
220 387 7
220 396 12
220 411 6
221 222 4
221 246 15
221 265 9
221 289 2
221 302 5
221 336 13
221 339 4
221 347 5
221 401 9
221 447 12
221 497 4
221 498 10
222 223 8
222 289 2
222 290 13
222 326 2
222 344 9
222 348 17
222 389 9
222 390 19
222 421 10
222 425 19
222 449 1
222 484 9
222 489 19
223 224 3
223 247 4
223 272 17
223 285 15
223 314 8
223 355 16
223 437 4
223 439 8
223 474 8
223 492 7
224 225 19
224 247 15
224 249 14
224 266 6
224 311 20
224 320 4
224 348 6
224 371 11
224 395 5
224 407 2
224 415 10
224 440 14
224 444 3
224 446 5
224 459 6
224 476 3
224 497 7
224 499 7
225 226 19
225 259 18
225 264 9
225 285 17
225 292 13
225 301 14
225 306 11
225 313 16
225 360 18
225 400 13
225 412 15
225 428 3
225 435 14
225 444 8
225 496 6
226 227 11
226 237 10
226 245 13
226 258 16
226 277 17
226 355 2
226 404 17
226 406 4
226 428 8
226 435 2
226 448 20
226 484 14
226 488 4
226 490 13
226 491 7
227 228 1
227 237 1
227 252 16
227 274 8
227 291 10
227 296 8
227 301 7
227 322 7
227 326 14
227 355 4
227 413 9
227 492 8
228 229 5
228 252 2
228 267 1
228 283 11
228 288 8
228 294 13
228 376 10
228 396 5
228 413 8
228 425 17
229 230 17
229 243 17
229 255 10
229 288 13
229 339 6
229 386 11
229 408 1
229 436 19
229 461 10
230 231 2
230 251 4
230 270 15
230 413 10
230 426 14
231 232 6
231 236 16
231 253 18
231 255 9
231 258 20
231 270 17
231 271 4
231 304 10
231 305 16
231 341 11
231 372 4
231 451 16
231 486 16
231 493 19
232 233 14
232 237 20
232 270 7
232 304 20
232 344 6
232 463 10
232 477 14
233 234 16
233 253 12
233 317 5
233 380 4
233 381 7
233 412 9
233 417 1
233 444 1
233 465 19
233 473 16
234 235 10
234 239 19
234 275 11
234 399 7
234 441 4
234 457 19
234 474 4
234 478 5
235 236 14
235 287 5
235 310 17
235 360 16
235 409 5
235 415 9
235 432 2
235 467 6
236 237 11
236 358 10
236 373 8
236 426 20
236 467 13
236 474 4
236 486 20
237 238 1
237 300 17
237 323 9
237 355 16
237 446 11
238 239 3
238 260 12
238 267 19
238 270 10
238 323 2
238 410 6
238 412 12
238 416 6
238 457 16
238 469 7
239 240 11
239 247 4
239 324 19
239 334 13
239 335 16
239 423 19
239 434 7
239 438 17
239 458 17
240 241 3
240 278 1
240 316 2
240 340 5
240 397 19
241 242 7
241 250 13
241 259 19
241 316 18
241 335 3
241 345 8
241 354 19
241 378 12
241 383 8
241 408 20
241 432 13
241 450 7
241 468 1
241 478 17
241 489 16
241 490 20
242 243 11
242 286 4
242 412 8
242 435 2
242 457 16
242 461 11
243 244 2
243 256 1
243 269 4
243 279 12
243 350 4
243 369 7
243 380 10
243 386 6
243 409 3
243 413 15
243 474 19
243 488 13
244 245 12
244 269 3
244 309 8
244 332 14
244 338 2
244 397 8
244 453 13
244 492 1
244 497 1
245 246 8
245 285 18
245 316 5
245 334 9
245 354 20
245 360 19
245 430 4
245 436 5
246 247 5
246 272 4
246 327 3
246 332 8
246 335 4
246 339 14
246 348 8
246 370 16
246 423 11
246 452 1
246 471 20
246 484 4
247 248 16
247 260 15
247 303 19
247 338 8
247 402 5
247 413 1
247 444 15
247 467 11
248 249 11
248 346 17
248 386 6
248 422 6
248 427 13
248 435 18
248 440 15
248 470 5
248 478 5
248 486 19
248 497 19
249 250 10
249 257 4
249 272 14
249 275 2
249 279 4
249 383 7
249 400 14
249 443 13
249 464 12
249 493 2
250 251 8
250 290 10
250 314 16
250 424 13
250 430 14
250 458 15
251 252 17
251 289 1
251 295 19
251 312 1
251 362 11
251 379 20
251 399 15
252 253 7
252 289 17
252 396 15
252 404 10
252 484 4
252 487 10
252 495 19
253 254 10
253 292 6
253 293 13
253 331 3
253 354 12
253 376 19
253 433 9
253 453 15
253 484 6
254 255 13
254 302 19
254 312 5
254 378 17
254 433 1
254 449 19
254 463 17
254 489 7
255 256 18
255 264 9
255 303 20
255 314 11
255 334 15
255 362 10
255 482 10
256 257 19
256 267 6
256 269 19
256 284 16
256 286 2
256 289 6
256 336 10
256 359 11
256 380 17
256 438 17
256 485 17
256 486 13
257 258 17
257 263 9
257 278 18
257 287 4
257 299 13
257 310 8
257 350 8
257 371 11
257 465 18
258 259 17
258 277 8
258 289 11
258 348 12
258 353 4
258 392 15
258 435 12
258 469 4
259 260 1
259 287 2
259 301 20
259 347 7
259 361 1
259 414 3
259 432 8
259 456 16
259 494 3
260 261 3
260 266 11
260 347 15
260 359 15
260 372 8
260 379 18
260 424 4
260 452 4
260 464 1
260 486 13
261 262 2
261 265 14
261 324 19
261 328 18
261 393 9
261 415 16
261 425 9
261 469 17
261 478 8
262 263 4
262 335 15
262 345 6
262 348 6
262 353 6
262 371 9
262 393 7
262 441 18
262 495 1
263 264 3
263 270 5
263 298 1
263 317 9
263 327 17
263 369 5
263 391 16
263 432 15
263 439 11
263 461 7
263 473 3
263 481 15
264 265 11
264 310 6
264 328 6
264 330 11
264 360 3
264 397 10
264 415 11
264 476 19
265 266 1
265 313 15
265 321 4
265 413 11
265 437 11
265 457 7
265 478 5
265 486 8
265 488 1
266 267 19
266 292 1
266 322 11
266 370 6
266 396 5
266 414 3
266 458 20
266 459 9
266 479 11
266 488 9
266 495 5
267 268 20
267 299 16
267 323 1
267 374 17
268 269 18
268 291 3
268 292 6
268 298 3
268 307 10
268 312 14
268 329 6
268 412 14
268 418 16
269 270 19
269 340 8
269 349 19
269 385 2
269 389 11
269 394 15
269 419 2
269 420 18
269 484 19
269 492 8
270 271 18
270 293 13
270 335 9
270 405 11
270 414 8
270 422 8
270 432 14
270 483 13
271 272 10
271 279 2
271 280 17
271 285 14
271 287 9
271 338 11
271 354 2
271 376 7
271 406 8
271 409 9
271 411 20
271 416 18
271 442 14
271 456 2
271 460 11
271 491 8
271 497 10
272 273 8
272 311 2
272 346 18
272 381 19
272 396 18
272 407 7
272 473 8
273 274 13
273 300 2
273 309 9
273 312 3
273 324 13
273 356 17
273 367 12
273 499 10
274 275 3
274 278 7
274 299 13
274 310 8
274 346 11
274 357 4
274 381 7
274 425 6
274 474 3
274 478 18
275 276 15
275 342 5
275 382 5
275 406 3
275 422 3
275 447 5
275 465 8
275 498 16
276 277 20
276 340 10
276 360 5
276 390 2
276 392 4
276 393 4
276 395 16
276 452 11
276 461 14
277 278 8
277 279 9
277 300 9
277 306 6
277 333 4
277 350 6
277 379 18
277 465 11
277 484 2
278 279 11
278 299 1
278 363 12
278 364 3
278 365 13
278 381 4
278 387 9
278 394 7
278 403 3
278 430 17
278 431 19
278 443 6
278 448 7
278 476 5
278 499 4
279 280 18
279 368 7
279 390 20
279 460 20
279 468 9
279 473 3
279 475 15
279 479 8
280 281 18
280 292 6
280 302 9
280 344 12
280 354 9
280 374 17
280 463 6
280 471 10
280 477 8
281 282 9
281 285 14
281 387 5
282 283 17
282 312 9
282 314 5
282 359 7
282 401 10
282 413 8
283 284 10
283 330 14
283 340 4
283 375 6
283 382 8
283 401 13
283 405 15
283 418 17
283 451 17
284 285 15
284 310 20
284 336 20
284 361 9
284 447 20
284 457 4
284 461 13
284 494 13
285 286 6
285 293 10
285 327 5
285 365 4
285 383 7
285 391 11
285 397 19
285 408 20
285 419 13
285 455 18
285 465 9
285 478 16
286 287 11
286 304 7
286 393 2
286 401 17
286 490 16
287 288 19
287 319 4
287 338 5
287 355 12
287 358 3
287 418 2
287 431 14
287 452 17
287 494 2
288 289 4
288 297 9
288 299 1
288 327 15
288 399 18
288 410 4
288 417 4
288 429 20
288 448 14
288 451 11
288 474 10
288 475 14
289 290 14
289 294 5
289 314 1
289 347 19
289 355 2
289 366 19
289 421 16
290 291 4
290 323 11
290 325 8
290 358 19
290 395 2
290 410 19
290 430 7
291 292 8
291 306 8
291 329 1
291 332 2
291 415 18
291 418 4
291 424 5
291 440 11
291 484 5
291 493 20
292 293 10
292 304 4
292 333 20
292 421 2
292 424 7
292 462 17
292 482 6
293 294 13
293 301 9
293 326 17
293 354 2
293 374 17
293 417 2
293 419 7
293 433 3
293 441 8
293 446 18
294 295 6
294 316 4
294 318 3
294 339 3
294 350 15
294 356 9
294 369 12
294 390 12
294 476 5
295 296 14
295 330 8
295 377 15
295 412 9
295 416 2
295 475 20
295 491 11
296 297 3
296 359 2
296 363 5
296 388 1
296 402 4
296 414 17
296 417 19
296 430 18
296 434 5
296 443 14
296 467 8
296 470 16
296 473 4
296 486 10
296 491 16
297 298 6
297 494 1
298 299 3
298 305 10
298 314 6
298 320 3
298 356 14
298 370 7
298 373 19
298 439 12
298 444 13
298 450 3
298 489 12
299 300 7
299 302 19
299 307 7
299 322 6
299 337 4
299 339 8
299 350 7
299 370 4
299 447 13
299 452 12
299 468 5
299 479 11
299 499 17
300 301 9
300 306 9
300 325 16
300 336 2
300 380 1
300 389 20
300 391 4
300 396 5
300 417 17
300 447 1
300 479 14
300 481 15
301 302 11
301 339 19
301 356 16
301 370 13
301 390 3
301 402 8
301 464 20
301 478 8
302 303 2
302 316 8
302 340 7
302 343 10
302 344 2
302 446 14
302 459 15
302 495 10
303 304 19
303 333 1
303 368 3
303 401 6
303 433 6
303 457 10
303 468 5
303 470 17
303 480 6
303 488 16
304 305 13
304 317 20
304 329 11
304 350 18
304 356 15
304 370 15
304 378 6
304 419 14
304 444 10
304 478 11
305 306 10
305 340 9
305 357 5
305 381 1
305 396 18
305 426 10
306 307 5
306 320 4
306 356 13
306 397 1
306 476 9
306 477 15
307 308 17
307 392 4
307 402 17
307 468 16
307 475 7
308 309 20
308 315 9
308 322 4
308 335 10
308 398 11
308 407 14
308 447 18
308 495 18
309 310 17
309 340 3
309 371 13
309 414 19
309 415 18
309 421 15
309 449 7
309 455 6
310 311 16
310 321 4
310 396 14
310 440 20
310 483 5
311 312 7
311 380 5
311 431 1
312 313 13
312 314 16
312 357 13
312 358 1
312 363 12
312 364 5
312 430 17
312 451 3
312 469 12
313 314 4
313 317 12
313 337 1
313 404 16
313 420 15
313 453 4
313 479 19
314 315 10
314 320 18
314 358 14
314 365 20
314 367 20
314 434 3
314 435 10
314 489 11
315 316 6
315 347 16
315 357 19
315 413 10
315 436 10
315 443 7
315 499 5
316 317 20
316 329 12
316 348 2
316 406 19
316 436 1
316 446 1
316 476 3
316 478 9
317 318 16
317 321 11
317 371 18
317 405 8
317 478 13
317 499 8
318 319 14
318 393 7
318 394 7
318 422 6
318 435 4
318 441 19
318 477 14
319 320 13
319 435 14
319 490 17
320 321 4
320 346 13
320 355 8
320 378 19
320 389 7
320 391 16
320 449 10
320 471 13
321 322 16
321 367 19
321 375 16
321 379 10
321 417 20
321 429 7
321 445 17
321 475 2
322 323 16
322 333 16
322 338 20
322 397 13
322 430 1
322 434 11
322 441 20
322 475 6
322 476 2
322 487 20
323 324 2
323 337 9
323 344 16
323 413 4
323 450 14
323 451 19
323 452 9
323 480 3
323 495 11
324 325 1
324 350 6
324 377 9
324 410 18
324 440 10
324 441 4
324 453 12
324 464 7
324 473 20
324 482 13
325 326 10
325 368 2
325 384 20
325 409 16
325 475 4
325 480 20
325 483 5
326 327 1
326 351 14
326 371 7
326 433 10
326 468 15
327 328 11
327 353 17
327 361 13
327 426 18
327 438 18
327 469 5
328 329 6
328 376 13
328 386 1
328 432 5
329 330 3
329 346 14
329 389 12
329 416 17
329 419 7
329 439 8
329 467 18
330 331 20
330 363 16
330 378 18
330 419 5
330 422 15
330 432 6
330 493 13
331 332 10
331 334 6
331 350 10
331 384 4
331 391 1
331 406 12
331 438 19
331 449 8
331 456 15
331 476 12
331 481 19
332 333 20
332 351 5
332 386 1
332 424 19
332 472 11
332 477 9
333 334 16
333 342 9
333 344 11
333 354 8
333 403 6
333 439 19
333 457 20
333 459 10
334 335 19
334 371 19
334 423 11
334 452 5
334 487 18
334 494 16
335 336 12
335 370 6
335 379 11
335 380 11
335 392 12
335 395 4
335 412 4
335 422 16
335 448 9
335 453 4
335 487 4
336 337 5
337 338 17
337 382 9
337 399 7
337 412 16
337 428 6
337 491 11
338 339 20
338 341 17
338 395 4
338 453 2
338 466 13
338 483 5
339 340 19
339 418 19
339 450 9
339 484 9
340 341 8
340 383 5
340 450 16
340 487 3
341 342 11
341 392 6
341 441 5
341 454 13
341 486 13
341 488 17
342 343 8
342 400 5
342 450 15
342 473 4
342 486 15
342 494 20
343 344 1
343 388 13
343 408 15
343 438 18
343 498 17
344 345 2
344 392 9
344 411 12
344 426 10
345 346 9
345 356 17
345 376 5
345 390 14
345 399 7
345 422 20
345 430 17
345 455 11
345 478 5
345 491 14
346 347 20
346 360 20
346 376 3
347 348 5
347 395 3
347 400 17
347 404 7
347 417 9
347 433 13
347 441 14
347 465 2
348 349 3
348 384 9
348 436 19
348 455 1
348 465 7
348 496 8
349 350 10
349 372 9
349 384 9
349 462 6
349 482 16
349 494 5
350 351 11
350 359 4
350 370 3
350 446 11
350 449 16
350 455 19
350 471 5
350 481 11
351 352 14
351 356 15
351 384 10
351 429 3
351 443 3
351 491 13
352 353 3
352 426 6
352 478 2
353 354 8
353 389 6
353 410 15
353 411 16
353 489 10
354 355 8
354 376 13
354 378 20
354 390 14
354 395 6
354 420 13
355 356 15
355 358 4
355 367 4
355 368 5
355 388 15
355 407 4
355 410 18
355 420 17
355 440 5
355 483 1
356 357 2
356 397 6
356 411 10
356 467 4
356 470 9
356 489 18
357 358 13
357 367 5
357 402 20
357 427 8
357 473 13
357 496 9
358 359 5
358 386 17
358 437 12
358 458 13
359 360 15
359 397 16
359 401 3
359 474 6
360 361 15
360 366 2
360 422 7
360 433 9
360 446 3
360 469 2
360 474 2
360 493 2
361 362 11
361 371 1
361 384 20
361 459 16
361 484 9
362 363 1
362 366 11
362 368 1
362 383 9
362 427 1
362 449 5
363 364 14
363 405 14
363 415 15
363 429 11
363 475 19
363 499 19
364 365 1
364 443 4
365 366 9
365 373 16
365 379 18
365 380 9
365 456 12
365 460 19
365 476 16
365 477 11
366 367 11
366 387 18
366 414 4
366 451 19
367 368 16
367 477 5
368 369 8
368 382 19
368 383 4
368 399 16
368 408 19
368 441 12
368 457 10
368 463 16
369 370 3
369 384 10
369 402 11
369 407 20
369 420 6
369 423 14
369 425 11
369 445 5
369 469 15
369 496 11
369 499 2
370 371 10
370 419 11
370 423 11
370 433 13
370 472 13
371 372 20
371 374 20
371 395 19
371 436 20
371 448 15
372 373 14
372 443 5
372 450 18
372 452 19
372 481 19
372 491 19
372 493 6
373 374 6
373 426 4
373 435 8
373 490 5
374 375 14
374 380 1
374 409 1
374 424 2
374 445 2
374 490 1
374 499 13
375 376 10
375 446 17
375 457 12
375 483 2
375 490 5
375 498 15
376 377 5
376 413 11
376 435 9
377 378 8
377 383 2
377 428 14
377 441 11
377 445 3
378 379 10
378 432 17
378 488 8
378 491 20
379 380 16
379 411 19
379 430 11
379 441 10
379 449 4
379 469 13
380 381 16
380 385 11
380 472 9
380 493 11
381 382 4
381 384 6
381 481 12
382 383 15
382 390 18
382 393 4
382 435 1
382 439 6
383 384 3
383 404 5
383 412 6
384 385 13
384 393 20
384 474 18
385 386 11
385 396 2
385 412 4
385 445 7
385 454 14
385 461 14
385 463 12
385 492 4
386 387 6
386 421 3
386 433 17
386 444 2
386 445 14
386 474 10
386 481 20
387 388 5
387 428 12
387 446 13
387 454 9
387 468 15
388 389 2
388 403 12
388 411 16
388 415 12
388 464 12
388 475 18
388 490 6
388 496 20
389 390 10
389 473 8
389 479 15
389 483 13
389 499 3
390 391 11
390 404 4
390 405 18
390 413 3
390 439 18
390 457 20
390 492 20
391 392 18
391 429 17
391 436 18
392 393 17
392 406 5
392 446 1
392 485 9
392 498 14
393 394 12
393 449 3
393 474 8
394 395 19
394 408 9
394 435 9
395 396 6
395 401 9
395 407 16
395 456 5
396 397 19
396 432 18
396 439 7
396 465 1
396 486 7
397 398 14
397 406 9
397 430 8
397 436 12
397 462 9
398 399 12
398 451 2
398 479 12
399 400 14
399 409 9
400 401 19
400 428 7
400 443 1
400 450 11
400 457 20
400 461 8
400 476 8
400 486 5
400 493 4
401 402 6
402 403 8
402 404 4
402 428 13
402 432 6
402 477 12
402 482 11
402 483 15
402 496 2
403 404 1
403 407 15
403 447 9
403 497 3
404 405 9
404 453 6
404 457 19
404 458 12
404 472 11
405 406 6
405 465 1
405 474 11
406 407 19
406 432 16
406 483 18
406 486 6
407 408 10
407 415 7
407 460 18
408 409 18
408 421 9
408 447 15
408 449 7
408 476 12
408 480 15
408 493 11
408 496 3
409 410 7
409 450 7
409 469 15
409 471 7
410 411 18
410 472 17
410 476 4
410 479 15
411 412 19
411 429 5
411 468 5
411 486 1
412 413 11
412 454 20
412 491 12
413 414 9
413 470 9
413 495 13
414 415 12
414 441 3
414 461 15
414 478 17
415 416 5
415 473 13
416 417 1
416 439 16
416 447 11
416 454 16
416 462 7
416 472 9
417 418 18
417 441 15
417 444 17
417 471 18
417 486 8
418 419 20
418 463 20
418 495 9
419 420 12
419 437 5
419 458 10
419 459 3
419 473 6
419 474 13
420 421 11
420 426 19
420 428 12
420 430 5
420 445 1
420 498 15
421 422 1
421 450 8
421 483 3
422 423 14
422 471 13
422 472 11
423 424 12
423 429 8
424 425 8
424 430 18
424 440 17
424 456 16
424 478 8
424 495 12
425 426 4
425 481 12
426 427 7
426 431 19
426 476 18
426 478 1
426 482 1
426 483 8
426 493 11
427 428 1
427 438 2
427 489 16
427 494 6
428 429 1
428 436 6
428 437 14
428 439 10
428 460 10
429 430 1
429 483 11
430 431 6
431 432 13
432 433 8
432 442 12
433 434 4
433 450 19
433 453 11
433 467 8
433 478 20
434 435 17
434 439 13
434 467 1
434 476 14
434 489 15
435 436 3
436 437 4
436 466 14
436 495 13
437 438 14
437 442 16
437 465 18
437 498 9
438 439 17
438 461 1
438 486 18
438 493 2
439 440 5
439 447 12
439 463 2
439 499 20
440 441 14
440 443 11
440 453 18
440 457 12
440 489 8
440 492 15
441 442 1
441 450 7
442 443 15
442 479 2
442 480 13
442 484 2
442 489 4
442 492 6
443 444 14
443 447 18
443 474 11
444 445 4
444 462 6
444 477 6
445 446 2
445 457 16
445 471 17
445 480 15
446 447 18
447 448 1
447 456 1
448 449 6
448 461 2
449 450 8
449 475 3
450 451 7
450 477 20
450 499 18
451 452 4
451 458 15
452 453 1
452 479 2
453 454 19
454 455 13
455 456 12
455 482 20
456 457 1
457 458 13
457 470 13
458 459 8
458 469 18
459 460 16
460 461 2
460 470 10
460 495 12
461 462 6
461 468 7
462 463 20
462 469 14
463 464 3
463 468 2
463 490 4
464 465 19
464 483 8
465 466 19
465 467 18
465 498 3
466 467 11
466 472 1
467 468 3
467 487 8
468 469 11
468 472 9
468 496 17
469 470 15
469 481 20
470 471 4
471 472 12
471 483 20
472 473 3
472 486 2
473 474 15
473 478 4
473 489 4
474 475 3
475 476 12
476 477 20
476 492 2
477 478 11
477 483 7
477 499 19
478 479 19
479 480 9
480 481 1
481 482 11
481 492 3
482 483 15
483 484 15
483 486 19
484 485 17
485 486 3
486 487 10
486 491 18
487 488 15
488 489 4
488 491 9
489 490 13
490 491 3
490 496 19
491 492 3
492 493 2
493 494 4
494 495 7
495 496 1
496 497 13
497 498 16
498 499 6